0 1 25.5 17.9 0.66 0.33
0 2 58.7 44.9 1.25 0.75
0 4 40.6 33.21 1 0.58
1 0 25.5 17.9 0.66 0.33
1 3 43 31.66 0.75 0.5 
1 4 44.1 31.1 92 0.58
1 7 44.1 34.07 1 0.6
2 0 58.7 44.9 1.25 0.75
2 4 31.8 23.85 1 0.5
2 5 150 114.17 2.5 2
3 1 43 31.66 0.75 0.5 
3 6 62.7 50.04 1.16 0.6
3 7 36.4 22.8 1.16 0.75
3 8 62.6 24.85 1.8 1.33
4 0 40.6 33.21 1 0.58
4 2 31.8 23.85 1 0.5
4 7 31.2 25.02 1 0.5
4 9 45.5 25.95 1.66 1.33
5 2 150 114.17 2.5 2
5 11 70 44.27 2.5 2.25
5 13 37 24.8 1.33 0.8
5 16 38.5 25.21 1.16 0.5
6 3 62.7 50.04 1.16 0.6
6 8 110 39.20 2.8 2.5
6 10 46.8 27.05 1.25 0.75
6 14 18.8 17.06 0.66 0.33
6 19 70 57.2 1.33 0.75
7 1 44.1 34.07 1 0.6
7 3 36.4 22.8 1.16 0.75
7 4 31.2 25.02 1 0.5
7 8 48.6 24.7 1.5 1.25
7 9 96 17 2.8 2.5
8 3 62.6 24.85 1.8 1.33
8 6 110 39.20 2.8 2.5
8 7 48.6 24.7 1.5 1.25
8 9 51.7 29.9 1.6 1.25
8 10 32 14.35 1.33 0.92
8 11 27 24.8 1.5 1.33
9 4 45.5 25.95 1.66 1.33
9 7 96 17 2.8 2.5
9 8 51.7 29.9 1.6 1.25
9 11 45.6 26.9 1.25 1
10 6 46.8 27.05 1.25 0.75
10 8 32 14.35 1.33 0.92
10 11 31 26.5 2 1.8
10 12 37 22.3 1.3 0.92
10 15 41.9 28.77 1.25 0.75
11 5 70 44.27 2.5 2.25
11 8 27 24.8 1.5 1.33
11 9 45.6 26.9 1.25 1
11 10 31 26.5 2 1.8
11 12 28 16.9 1.5 1.25
11 13 52 36 2.33 2
12 10 37 22.3 1.3 0.92
12 11 28 16.9 1.5 1.25
12 13 34.9 20 1.16 0.8
12 15 60 31.5 1.6 1
13 5 37 24.8 1.33 0.8
13 11 52 36 2.33 2
13 12 34.9 20 1.16 0.8
13 15 65.5 30.14 1.6 1
13 16 21 15.11 1.5 0.58
14 6 18.8 17.06 0.66 0.33
14 15 4.7 2.6 0.41 0.25
14 17 78.5 48.9 1.5 1
14 18 54.4 40.8 1.33 0.8
14 19 68 61.28 1.8 0.8
15 10 41.9 28.77 1.25 0.75
15 12 60 31.5 1.6 1
15 13 65.5 30.14 1.6 1
15 14 41.9 28.77 1.25 0.75
15 16 49.3 36.94 1.6 0.58
16 5 38.5 25.21 1.16 0.5
16 13 21 15.11 1.5 0.58
16 15 49.3 36.94 1.6 0.58
16 18 9.2 7 0.6 0.3
17 14 78.5 48.9 1.5 1
17 18 26.5 24.85 1.5 1
17 19 90 60 1.8 1.5
18 14 54.4 40.8 1.33 0.8
18 16 9.2 7 0.6 0.3
18 17 26.5 24.85 1.5 1
19 6 70 57.2 1.33 0.75
19 14 68 61.28 1.8 0.8
19 17 90 60 1.8 1.5